function [W,M,V] = Init_Random()
    W = [1/3,1/3,1/3];
    M = [3.518 7.575;9.498 5.579;0.142 7.962]';
    V(:,:,1) = [8.1621 2.2129;2.2129 7.0368];
    V(:,:,2) = [5.2206 2.1335;2.1335 2.2804];
    V(:,:,3) = [4.4964 -2.3566;-2.3566 3.5572];
end

